Finding best models:
RELU - Mean: 0.027920, Var: 0.000017, Min: 0.021045, Max: 0.037271
ABS - Mean: 0.033883, Var: 0.000000, Min: 0.033395, Max: 0.034742
SIGMOID - Mean: 0.274296, Var: 0.000016, Min: 0.264517, Max: 0.281006
Best relu model copied from results\md_10d\models\8
Best abs model copied from results\md_10d\models\19
Best sigmoid model copied from results\md_10d\models\12

Mirrored Weight Detection Summary
         ReLU    0 out of 20 vectors
         Abs     0 out of 10 vectors
         Sigmoid 0 out of 20 vectors
         Ground  0 out of 10 vectors

Distance to Mean
         ReLU    tensor([2.9167e-02, 1.6529e-02, 3.0630e-02, 1.5180e-01, 5.7417e-02, 1.7664e-02,
        1.8202e-01, 3.8057e-02, 2.0049e-01, 7.9451e-02, 1.0005e-01, 4.0752e-02,
        5.1592e-03, 1.0335e-01, 4.6876e-02, 1.3948e+00, 1.3634e-03, 8.1845e-03,
        2.2658e-02, 5.1541e-02], device='cuda:0')
         Abs     tensor([0.1824, 0.1986, 0.0943, 0.0126, 0.0395, 0.0076, 0.0766, 0.0546, 0.0611,
        0.0154], device='cuda:0')
         Sigmoid tensor([ 0.3830,  0.4294,  0.3592, 11.8707,  0.3408,  0.4441,  0.5402,  0.4119,
        17.3381,  0.5167, 12.1448, 10.3537,  0.3558, 12.8295,  0.4485,  0.4267,
        12.1539,  0.3078,  0.3939,  0.2916], device='cuda:0')
         Ground  tensor([0., 0., 0., 0., 0., 0., 0., 0., 0., 0.], device='cuda:0')

Sphericity Frobius norms
         ReLU    4.972262859344482
         Abs     1.0639125108718872
         Sigmoid 7.898962497711182
         Ground  5.833177510794485e-06

Eigenvalues from weights
         ReLU    tensor([0.3665, 0.2540, 0.1788, 0.1676, 0.1563, 0.1550, 0.1462, 0.1447, 0.1354,
        0.1125, 0.1106, 0.0942, 0.0750, 0.0613, 0.0609, 0.0540, 0.0455, 0.0415,
        0.0407, 0.0348], device='cuda:0')
         Abs     tensor([0.2491, 0.2363, 0.1601, 0.1428, 0.1035, 0.0878, 0.0832, 0.0501, 0.0358,
        0.0219], device='cuda:0')
         Sigmoid tensor([8.9121e-01, 3.9969e-01, 3.6696e-01, 3.6521e-01, 3.4976e-01, 2.6003e-01,
        3.6528e-04, 2.0032e-04, 1.9239e-04, 1.7057e-04, 1.6169e-04, 1.6007e-04,
        1.5507e-04, 1.4979e-04, 1.4773e-04, 1.4734e-04, 1.4058e-04, 1.3973e-04,
        1.3451e-04, 1.2576e-04], device='cuda:0')
         Ground  tensor([1.0000, 0.6786, 0.5141, 0.4451, 0.2589, 0.2097, 0.1374, 0.0917, 0.0161,
        0.0069], device='cuda:0')
         Actual  tensor([1.0000, 0.6786, 0.5141, 0.4451, 0.2589, 0.2097, 0.1374, 0.0917, 0.0161,
        0.0069], device='cuda:0')

Eigenvectors from weights
         ReLU    tensor([[ 2.7197e-01, -7.7929e-01, -4.9423e-02, -3.1033e-01, -1.8873e-01,
         -9.5663e-02,  2.2166e-01,  1.2120e-01,  2.7707e-01, -1.8608e-01],
        [ 1.3441e-01,  2.3793e-01,  1.1718e-01,  2.1363e-01,  1.1041e-01,
          5.6299e-01, -7.0979e-01,  6.9534e-02, -1.2665e-01,  1.1018e-01],
        [-4.6824e-01,  5.0701e-01, -4.6354e-02,  7.7175e-02, -1.1608e-01,
         -4.2668e-02,  5.2560e-01, -6.6180e-02, -1.2862e-01,  4.5069e-01],
        [-2.9423e-01,  1.2100e-01, -1.0514e-01,  2.8023e-02,  2.5243e-01,
         -1.6374e-01,  4.7287e-01,  3.4403e-01,  5.3537e-01,  4.0966e-01],
        [-7.4252e-02,  7.4218e-02, -1.3996e-01,  6.0492e-01, -5.1377e-01,
          3.4203e-01, -5.1448e-02, -1.1114e-01,  3.4830e-01, -2.9361e-01],
        [ 3.6524e-01,  2.0468e-02,  1.3208e-01, -2.2730e-01,  2.0510e-01,
          7.4805e-02, -6.4546e-01, -1.0106e-01,  1.0465e-01, -5.5823e-01],
        [-3.3599e-02, -3.3940e-03,  7.8173e-02,  5.0550e-01, -2.9158e-01,
         -4.2354e-01,  3.7205e-01,  4.6931e-01,  2.0505e-01,  2.6850e-01],
        [ 2.4276e-01, -1.3194e-01,  1.5176e-01, -4.3434e-02, -4.2203e-01,
          7.0238e-02, -3.8864e-01, -2.7254e-01, -4.7445e-01, -5.1505e-01],
        [-2.1003e-01,  3.4443e-01,  2.6213e-01, -2.7817e-01, -4.4419e-01,
         -8.7568e-02,  6.8382e-01,  1.3209e-01,  1.9735e-02,  2.7270e-02],
        [-1.6856e-01,  9.4099e-02, -5.9747e-02,  5.2857e-01,  6.9412e-01,
         -1.5211e-01,  2.2298e-01,  1.1234e-01, -7.1191e-02,  3.2776e-01],
        [-1.7010e-01,  7.4671e-01, -3.1072e-01,  9.4438e-04,  3.4402e-01,
         -1.7933e-01,  3.0521e-01,  2.5234e-01, -9.7493e-02,  1.0139e-02],
        [ 2.9441e-01, -6.8252e-01, -2.3216e-01, -9.4103e-02,  1.8001e-01,
          3.8749e-01, -3.0716e-01, -2.8960e-01, -1.2532e-01, -9.0883e-02],
        [-3.2963e-01,  4.4897e-01,  2.1621e-01, -4.7967e-01,  6.1722e-02,
         -3.9906e-01,  3.8230e-01, -2.6148e-01, -8.0665e-02, -1.6988e-01],
        [ 4.8918e-01, -4.3567e-01,  3.1583e-02,  3.8191e-01, -3.8590e-01,
          2.0638e-01,  6.1402e-02, -1.0022e-01,  4.1800e-01,  2.0975e-01],
        [-1.2479e-01,  4.3708e-01,  2.4179e-01, -5.4889e-01,  5.0404e-01,
         -3.0862e-01,  5.6011e-02, -2.4491e-02, -2.5095e-01,  1.3276e-01],
        [-2.7024e-01,  2.0008e-02,  3.4010e-01, -4.8610e-01, -1.5372e-01,
          9.4686e-02, -4.7696e-01, -3.6459e-01, -2.5575e-01, -3.4085e-01],
        [-1.3479e-01,  5.4666e-01,  2.5304e-01, -5.5696e-01, -1.0320e-01,
          8.9449e-02, -2.6273e-01, -3.2428e-01, -1.0915e-01, -3.2250e-01],
        [ 2.6880e-01, -8.0982e-01, -3.4394e-01,  1.5039e-01, -1.2995e-01,
          4.6018e-02, -9.4702e-02,  3.0635e-01,  3.0796e-04,  9.5949e-02],
        [-1.8222e-01,  2.5816e-04, -7.7373e-02,  5.6109e-01,  1.7008e-01,
         -3.4448e-02,  6.9652e-01,  2.8193e-01,  6.3077e-03,  2.2627e-01],
        [ 2.7887e-01, -2.5204e-01, -1.2990e-02, -3.7922e-01, -1.6107e-01,
          2.5633e-02, -7.7631e-01, -2.1128e-01, -2.4449e-02, -2.0058e-01]],
       device='cuda:0')
         Abs     tensor([[-0.2455,  0.0474,  0.3513,  0.2703, -0.3561,  0.1888,  0.2464, -0.3639,
         -0.2996, -0.5437],
        [-0.2900, -0.2531, -0.1954, -0.1371,  0.1473,  0.0224,  0.3079,  0.3173,
         -0.7595, -0.0184],
        [ 0.3457, -0.3130, -0.0104, -0.4714, -0.0926, -0.5234, -0.4174,  0.0275,
         -0.2565, -0.1921],
        [ 0.2694, -0.2271, -0.0554,  0.1113,  0.3275, -0.1083,  0.7402,  0.2433,
          0.1784,  0.3200],
        [-0.3293,  0.6187, -0.3248, -0.1163,  0.2120, -0.1875,  0.5406,  0.0900,
          0.0197, -0.0943],
        [-0.1894, -0.1231, -0.2655,  0.3196,  0.6103, -0.2088,  0.2065,  0.5280,
         -0.0833,  0.1785],
        [ 0.2208,  0.4077, -0.0214, -0.2561,  0.2891,  0.2053, -0.6480, -0.2316,
         -0.2153, -0.2708],
        [-0.3585,  0.7925,  0.1717, -0.3156,  0.0492, -0.1879,  0.2485,  0.0808,
         -0.0796,  0.0445],
        [-0.2841,  0.8316,  0.2113,  0.0406,  0.1818, -0.1634,  0.3350,  0.0316,
          0.0521, -0.0760],
        [-0.1162,  0.1514,  0.2528, -0.6589,  0.0422, -0.0110, -0.4562, -0.3448,
         -0.1913, -0.3164]], device='cuda:0')
         Sigmoid tensor([[ 0.3150, -0.1446,  0.5992,  0.1255, -0.1317,  0.1395,  0.3370, -0.3906,
         -0.0740, -0.4434],
        [ 0.0731, -0.2267,  0.1004, -0.4767, -0.5647,  0.5245,  0.2201,  0.0503,
         -0.1110, -0.2203],
        [-0.0411, -0.1642,  0.2881, -0.2007, -0.6051,  0.2993,  0.1524,  0.4386,
         -0.1065, -0.4067],
        [ 0.1452, -0.4230,  0.2201, -0.4824, -0.1668,  0.3765, -0.2410,  0.2385,
         -0.0877, -0.4761],
        [ 0.3717, -0.2586,  0.4196, -0.2855, -0.0628,  0.2930,  0.2248,  0.1964,
          0.2395, -0.5487],
        [-0.0770, -0.4329,  0.3298, -0.4466, -0.1470,  0.0979,  0.4246,  0.0116,
         -0.3660, -0.3909],
        [-0.1150, -0.0729,  0.7232,  0.4062, -0.4294, -0.0678, -0.1880, -0.0593,
          0.1700,  0.1913],
        [ 0.1801,  0.2322, -0.3447, -0.0277,  0.6751,  0.4672,  0.0679,  0.1361,
         -0.3025,  0.0737],
        [-0.0896, -0.1700, -0.5566, -0.0880, -0.3011,  0.5539,  0.0108, -0.0676,
         -0.2382,  0.4320],
        [-0.2557, -0.3834,  0.2144, -0.0854,  0.3135, -0.1220,  0.2001,  0.1856,
          0.5035,  0.5415],
        [-0.3142,  0.2062, -0.0969, -0.1283,  0.2214, -0.2931,  0.5335, -0.0380,
          0.3316, -0.5495],
        [-0.0690, -0.1588, -0.4481, -0.5386, -0.4304, -0.1103, -0.3629,  0.3525,
          0.1585, -0.0246],
        [-0.3561,  0.3159,  0.0642, -0.0150, -0.4848, -0.0082,  0.4178, -0.4107,
          0.1744, -0.4005],
        [ 0.0891, -0.0087,  0.0901, -0.4592, -0.4155, -0.1490, -0.5358, -0.4093,
         -0.3409, -0.0853],
        [ 0.3549, -0.1907,  0.0811, -0.3693,  0.3661, -0.0595, -0.0016,  0.2895,
          0.4620,  0.5098],
        [ 0.0569,  0.3915,  0.3246,  0.3777, -0.2778, -0.4481, -0.2019,  0.4525,
         -0.1373, -0.2304],
        [ 0.2728,  0.2733, -0.2035, -0.1176, -0.4315,  0.2776,  0.3504, -0.2715,
          0.3884, -0.4302],
        [-0.3125,  0.0024,  0.0576,  0.1099, -0.5412,  0.2947, -0.2471, -0.3576,
         -0.5164,  0.2273],
        [ 0.4286, -0.4184, -0.2629, -0.3025,  0.4756, -0.3311, -0.3567, -0.0262,
         -0.1247, -0.0374],
        [ 0.4983,  0.0106,  0.0933,  0.3299,  0.5125, -0.0228, -0.4356,  0.0981,
         -0.2070, -0.3588]], device='cuda:0')
         Ground  tensor([[ 0.1344,  0.0008,  0.4977, -0.2198,  0.1218,  0.5220,  0.1197,  0.6089,
          0.0487, -0.1057],
        [-0.4744, -0.2354, -0.0169,  0.0012,  0.2783, -0.0772, -0.0453,  0.0091,
          0.6630, -0.4406],
        [ 0.5076, -0.0177,  0.2462,  0.2175,  0.1850, -0.4108,  0.2311, -0.0570,
         -0.1417, -0.5952],
        [-0.2596, -0.0314,  0.4894,  0.3192, -0.1902, -0.4617, -0.4425,  0.3298,
         -0.0784,  0.1735],
        [ 0.1061, -0.2689,  0.5311, -0.0346,  0.3581,  0.0277,  0.0969, -0.5191,
          0.1581,  0.4475],
        [-0.4386, -0.1847,  0.0887,  0.4108,  0.1285,  0.4056,  0.0282, -0.2070,
         -0.5522, -0.2595],
        [ 0.2972,  0.3757, -0.1419,  0.4304,  0.4221,  0.2647, -0.5297, -0.0099,
          0.1860,  0.0403],
        [ 0.0444,  0.2812,  0.2672,  0.3133, -0.6491,  0.2629,  0.1460, -0.2920,
          0.3675, -0.1315],
        [ 0.1078, -0.3505, -0.2482,  0.5885,  0.0205, -0.0007,  0.4530,  0.3413,
          0.1773,  0.3227],
        [-0.3554,  0.7028,  0.0935,  0.0531,  0.3043, -0.1874,  0.4659,  0.0549,
         -0.0278,  0.1404]], device='cuda:0')
         Actual  tensor([[ 0.1344, -0.4744,  0.5076, -0.2596,  0.1061, -0.4386,  0.2972,  0.0444,
          0.1078, -0.3554],
        [ 0.0008, -0.2354, -0.0177, -0.0314, -0.2689, -0.1847,  0.3757,  0.2812,
         -0.3505,  0.7028],
        [ 0.4977, -0.0169,  0.2462,  0.4894,  0.5311,  0.0887, -0.1419,  0.2672,
         -0.2482,  0.0935],
        [-0.2198,  0.0012,  0.2175,  0.3192, -0.0346,  0.4108,  0.4304,  0.3133,
          0.5885,  0.0531],
        [ 0.1218,  0.2783,  0.1850, -0.1902,  0.3581,  0.1285,  0.4221, -0.6491,
          0.0205,  0.3043],
        [ 0.5220, -0.0772, -0.4108, -0.4617,  0.0277,  0.4056,  0.2647,  0.2629,
         -0.0007, -0.1874],
        [ 0.1197, -0.0453,  0.2311, -0.4425,  0.0969,  0.0282, -0.5297,  0.1460,
          0.4530,  0.4659],
        [ 0.6089,  0.0091, -0.0570,  0.3298, -0.5191, -0.2070, -0.0099, -0.2920,
          0.3413,  0.0549],
        [ 0.0487,  0.6630, -0.1417, -0.0784,  0.1581, -0.5522,  0.1860,  0.3675,
          0.1773, -0.0278],
        [-0.1057, -0.4406, -0.5952,  0.1735,  0.4475, -0.2595,  0.0403, -0.1315,
          0.3227,  0.1404]], device='cuda:0')

ReLU model loss on new data: 0.036593
Abs model loss on new data: 0.053095
Sigmoid model loss on new data: 0.352433
Ground model loss on new data: 0.000000


Analysis across runs:
RELU INTERPRETABILITY SUMMARY
  Mirrored count: Mean = 0.000000, Std = 0.000000, Min = 0.000000, Max = 0.000000
  Mean dist: Mean = 0.184549, Std = 0.087115, Min = 0.058800, Max = 0.369748
  Sphericity: Mean = 5.736235, Std = 2.075771, Min = 4.950340, Max = 14.094212
ABS INTERPRETABILITY SUMMARY
  Mirrored count: Mean = 0.000000, Std = 0.000000, Min = 0.000000, Max = 0.000000
  Mean dist: Mean = 0.074946, Std = 0.008120, Min = 0.060187, Max = 0.096504
  Sphericity: Mean = 1.064293, Std = 0.000186, Min = 1.063913, Max = 1.064485
SIGMOID INTERPRETABILITY SUMMARY
  Mirrored count: Mean = 0.000000, Std = 0.000000, Min = 0.000000, Max = 0.000000
  Mean dist: Mean = 5.124136, Std = 0.554818, Min = 4.117008, Max = 6.577222
  Sphericity: Mean = 7.851234, Std = 0.253580, Min = 7.408956, Max = 8.338257